0;934;503;783;666;224;930;758;726;619;760;179;694;485;641;630;154;610;536;566;698;214;764;670;552;735;210;126;779;695;807;10390;762;501;81;698;735;858;126;302;745;898;502;220;659;790;374;625;628;643;626;815;471;917;318;90;726;481;360;1019;528;415;745;501;426;538;580;652;460;665;418;501;129;779;1122;394;1033;538;579;359;642;694;336;80||934;0;1196;1458;277;1064;166;497;228;673;561;983;239;1232;1463;423;961;1284;460;694;593;989;314;1481;654;489;854;1028;155;1369;357;10321;462;612;958;254;714;152;1028;1014;1258;750;1324;1122;1089;340;1249;730;479;617;997;576;748;437;1181;996;1396;1303;742;227;416;1322;1258;1248;704;569;527;444;742;626;668;612;894;445;252;1077;189;569;1310;875;566;239;956;956||503;1196;0;318;1004;506;1193;866;989;721;868;397;957;662;313;804;595;837;727;669;801;388;1018;816;1021;843;428;444;1041;922;950;9999;870;971;520;1030;804;1121;444;578;1183;1272;383;494;187;998;355;695;736;744;304;908;940;1025;537;475;260;236;478;1282;886;677;1183;678;896;646;688;826;454;768;887;971;471;887;1385;623;1296;646;113;320;750;957;777;556||783;1458;318;0;1362;779;1455;1122;1251;977;1123;680;1219;761;358;1059;877;953;1067;925;1056;714;1278;881;1282;1099;746;723;1304;1038;1205;9974;1126;1232;803;1292;1040;1383;723;832;1340;1629;426;629;398;1254;518;951;991;999;523;1161;1201;1281;635;756;62;303;828;1544;1204;769;1340;777;1157;902;943;1081;716;1023;1148;1232;753;1143;1647;740;1558;902;204;635;1006;1219;1026;836||666;277;1004;1362;0;786;273;440;169;616;505;717;142;954;1197;353;683;1006;362;637;536;752;257;1203;376;433;711;751;122;1091;300;10438;406;334;681;157;783;201;751;736;980;534;1058;844;991;283;984;674;407;560;926;634;470;540;903;719;1299;1037;645;362;138;1044;980;970;426;497;455;374;645;570;390;334;628;389;507;799;377;497;1135;778;495;142;678;664||224;1064;506;779;786;0;1060;952;911;812;954;364;880;330;631;815;253;405;721;760;892;398;949;590;529;929;393;97;909;490;992;10503;956;479;200;822;928;988;97;112;676;876;496;149;691;975;307;819;821;837;798;1009;448;1111;248;160;721;483;556;1149;710;348;676;346;404;732;774;837;645;859;395;479;322;973;1294;175;1164;732;574;530;836;880;273;237||930;166;1193;1455;273;1060;0;505;236;681;570;979;235;1228;1459;431;957;1280;456;702;601;985;322;1477;650;498;850;1024;151;1334;365;10423;471;607;954;250;800;148;1024;1010;1140;584;1320;1118;1085;348;1245;739;487;625;1006;661;744;522;1177;992;1392;1299;738;93;411;1318;1140;1244;700;577;535;453;738;635;664;607;890;454;413;1073;107;577;1306;871;575;235;952;952||758;497;866;1122;440;952;505;0;270;176;64;690;312;1211;1176;160;883;1336;259;228;96;655;187;1381;814;70;565;851;379;1420;139;9995;97;772;809;371;339;433;851;1027;1419;975;1086;945;748;161;1011;234;168;151;645;194;908;222;1043;800;1055;1045;413;582;545;1126;1419;1226;864;216;175;138;410;129;798;772;626;97;540;1119;596;216;976;542;133;312;1112;811||726;228;989;1251;169;911;236;270;0;446;335;775;41;1091;1255;202;729;1165;253;467;367;782;88;1339;543;263;648;814;111;1250;130;10268;236;501;746;100;613;164;814;872;1148;704;1116;907;880;114;1041;504;259;390;777;465;638;371;1040;782;1187;1095;536;313;274;1107;1148;1106;593;348;307;224;536;400;527;501;686;219;404;935;327;348;1103;669;346;41;841;748||619;673;721;977;616;812;681;176;446;0;147;548;488;1074;1034;349;746;1199;395;52;-1;513;363;1244;990;183;429;715;555;1284;316;9818;210;948;672;547;163;610;715;891;1337;1151;944;808;606;337;869;58;281;97;503;237;1085;304;907;664;913;903;276;758;656;989;1337;1090;1040;262;258;314;268;-1;974;948;490;227;716;983;773;262;834;400;213;488;928;672||760;561;868;1123;505;954;570;64;335;147;0;695;376;1212;1182;238;884;1337;283;200;67;661;251;1382;879;71;567;853;444;1422;204;9927;98;837;810;435;272;498;853;1029;1475;1039;1091;946;754;225;1017;205;170;122;651;134;973;161;1045;802;1061;1051;414;647;545;1127;1475;1228;929;218;176;202;416;101;862;837;628;115;600;1121;661;218;982;547;134;376;1066;813||179;983;397;680;717;364;979;690;775;548;695;0;743;624;535;630;293;749;534;496;628;-1;813;784;704;670;178;265;827;834;776;10255;697;654;218;740;631;907;265;441;897;929;396;359;499;825;322;522;562;570;447;734;623;852;457;204;620;375;285;1068;579;529;897;640;579;473;515;652;280;594;570;654;129;714;1171;535;1082;473;473;180;577;743;475;232||694;239;957;1219;142;880;235;312;41;488;376;743;0;1063;1223;210;698;1138;220;508;408;749;129;1312;516;304;615;782;84;1223;172;10309;277;474;714;72;654;163;782;845;1121;677;1084;876;849;155;1010;545;265;431;783;506;610;412;1013;750;1156;1063;503;324;247;1075;1121;1079;566;354;313;232;502;441;500;474;654;260;437;908;339;354;1070;635;352;-1;814;717||485;1232;662;761;954;330;1228;1211;1091;1074;1212;624;1063;0;495;1077;421;301;983;1022;1154;660;1179;248;697;1191;655;359;1077;364;1222;10659;1218;647;461;990;1190;1156;359;247;700;1038;385;265;847;1205;319;1081;1083;1099;927;1271;616;1373;199;421;758;491;818;1317;917;264;700;-1;572;994;1036;1099;906;1121;563;647;584;1235;1462;155;1332;994;607;777;1098;1063;441;498||641;1463;313;358;1197;631;1459;1176;1255;1034;1182;535;1223;495;0;1117;734;742;1041;983;1115;571;1294;582;1121;1157;659;575;1309;807;1263;10312;1184;1071;659;1222;1117;1388;575;671;1143;1468;140;480;500;1312;375;1008;1049;1057;624;1221;1041;1339;486;607;352;264;791;1549;1061;495;1143;510;996;960;1002;1139;767;1081;988;1071;610;1201;1652;579;1564;960;199;634;1064;1224;866;694||630;423;804;1059;353;815;431;160;202;349;238;630;210;1077;1117;0;737;1202;99;356;256;596;219;1253;668;152;478;718;298;1287;145;10158;125;626;663;287;502;359;718;894;1276;891;1027;811;689;193;952;393;68;280;586;354;762;273;910;686;996;986;353;508;374;1011;1276;1093;718;157;115;-1;351;289;652;626;538;108;575;986;522;157;917;483;155;210;919;662||154;961;595;877;683;253;957;883;729;746;884;293;698;421;734;737;0;496;643;695;827;327;767;670;426;864;323;176;782;581;810;10519;891;376;74;679;864;861;176;203;616;776;593;270;752;793;429;754;757;772;740;944;345;1046;370;144;818;572;489;1022;509;470;616;437;301;667;709;759;574;794;292;376;257;908;1125;266;1037;667;670;473;771;698;181;74||610;1284;837;953;1006;405;1280;1336;1165;1199;1337;749;1138;301;742;1202;496;0;1108;1147;1279;784;1253;442;722;1316;779;484;1128;132;1296;10833;1343;672;570;1065;1315;1208;484;321;443;798;634;390;1021;1279;485;1206;1208;1224;1101;1396;621;1498;318;545;947;660;942;1302;991;576;443;317;597;1119;1161;1224;1030;1246;638;672;709;1360;1514;229;1326;1119;783;916;1223;1138;338;570||536;460;727;1067;362;721;456;259;253;395;283;534;220;983;1041;99;643;1108;0;418;317;500;281;1158;574;258;401;623;304;1193;245;10219;225;532;569;293;563;384;623;800;1182;800;921;717;697;307;846;454;149;341;631;413;668;372;815;591;1004;900;350;545;280;917;1182;999;624;202;161;121;350;350;558;532;462;208;648;892;559;202;841;483;200;220;825;568||566;694;669;925;637;760;702;228;467;52;200;496;508;1022;983;356;695;1147;418;0;132;461;411;1192;921;204;376;662;576;1231;336;9823;231;879;620;567;168;630;662;838;1284;1172;892;756;554;385;817;59;299;76;451;249;945;356;854;611;861;851;224;779;627;937;1284;1037;900;209;251;335;216;99;905;879;437;248;767;930;793;209;782;348;234;508;876;619||698;593;801;1056;536;892;601;96;367;-1;67;628;408;1154;1115;256;827;1279;317;132;0;593;283;1324;911;103;509;794;476;1364;236;9898;130;868;752;467;243;530;794;971;1417;1071;1024;888;686;257;949;137;201;120;583;169;1005;225;987;743;993;983;356;678;577;1069;1417;1170;961;220;179;234;348;-1;894;868;569;147;637;1063;693;220;914;480;133;408;1008;751||214;989;388;714;752;398;985;655;782;513;661;-1;749;660;571;596;327;784;500;461;593;0;810;819;738;635;171;300;833;868;742;10220;662;688;253;775;596;913;300;476;932;964;430;393;465;790;356;487;528;536;412;700;658;817;491;238;649;409;251;1074;614;564;932;674;613;438;480;618;246;560;605;688;163;679;1177;570;1088;438;502;145;542;749;509;267||764;314;1018;1278;257;949;322;187;88;363;251;813;129;1179;1294;219;767;1253;281;411;283;810;0;1427;631;206;676;852;196;1338;108;10182;179;589;784;188;527;251;852;961;1236;792;1154;945;908;-1;1079;421;287;334;805;381;726;285;1044;819;1215;1132;564;399;362;1145;1236;1194;681;376;334;197;564;316;615;589;724;163;428;1023;413;376;1131;697;317;129;929;786||670;1481;816;881;1203;590;1477;1381;1339;1244;1382;784;1312;248;582;1253;670;442;1158;1192;1324;819;1427;0;946;1361;815;534;1325;505;1470;10853;1388;895;637;1239;1353;1405;534;495;886;1224;526;441;999;1453;477;1244;1253;1269;1079;1441;865;1543;448;580;877;643;977;1566;1165;434;886;232;820;1164;1206;1274;1066;1291;812;895;759;1405;1711;403;1580;1164;725;930;1268;1312;690;674||552;654;1021;1282;376;529;650;814;543;990;879;704;516;697;1121;668;426;722;574;921;911;738;631;946;0;807;676;603;498;766;675;10775;780;151;501;443;1120;578;603;481;669;467;1000;681;1162;658;816;1011;706;897;1129;976;125;915;649;571;1252;991;792;739;370;853;669;715;125;759;717;700;855;907;239;151;594;763;884;544;753;759;1105;862;757;516;394;471||735;489;843;1099;433;929;498;70;263;183;71;670;304;1191;1157;152;864;1316;258;204;103;635;206;1361;807;0;542;828;372;1397;132;10005;-1;764;786;363;350;426;828;1004;1411;967;1063;922;725;181;988;240;145;127;622;201;901;229;1020;777;1032;1022;390;575;538;1103;1411;1203;857;193;152;130;387;136;790;764;603;-1;563;1096;589;193;953;519;110;304;1042;788||210;854;428;746;711;393;850;565;648;429;567;178;615;655;659;478;323;779;401;376;509;171;676;815;676;542;0;296;693;864;624;10193;573;620;249;682;538;773;296;472;928;923;519;390;504;673;444;429;438;454;452;626;590;728;487;234;689;498;162;933;560;560;928;670;545;349;391;499;273;476;537;620;122;590;1036;566;948;349;541;185;453;609;505;263||126;1028;444;723;751;97;1024;851;814;715;853;265;782;359;575;718;176;484;623;662;794;300;852;534;603;828;296;0;866;569;894;10441;858;553;102;782;831;946;-1;176;774;952;439;93;629;877;251;722;724;739;700;911;522;1013;192;97;665;427;458;1107;612;292;774;375;478;634;676;739;547;761;469;553;225;875;1210;268;1121;634;518;433;738;782;358;139||779;155;1041;1304;122;909;151;379;111;555;444;827;84;1077;1309;298;782;1128;304;576;476;833;196;1325;498;372;693;866;0;1213;239;10377;345;456;803;98;722;79;873;859;1103;656;1168;967;933;222;1094;612;349;499;868;573;593;479;1026;841;1240;1147;587;240;260;1166;1103;1092;548;439;397;316;587;508;513;456;738;328;385;921;254;439;1154;720;437;84;800;801||695;1369;922;1038;1091;490;1334;1420;1250;1284;1422;834;1223;364;807;1287;581;132;1193;1231;1364;868;1338;505;766;1397;864;569;1213;0;1400;10956;1456;772;672;1169;1428;1308;597;421;536;831;697;513;1143;1383;607;1319;1321;1337;1223;1509;654;1611;440;659;1070;783;1056;1335;1095;600;536;425;698;1232;1274;1337;1145;1359;742;772;822;1488;1614;352;1359;1232;906;1030;1336;1242;430;655||807;357;950;1205;300;992;365;139;130;316;204;776;172;1222;1263;145;810;1296;245;336;236;742;108;1470;675;132;624;894;239;1400;0;10137;105;632;808;231;482;294;863;1003;1279;835;1172;957;834;135;1097;373;213;259;731;334;768;240;1055;831;1141;1131;499;442;405;1156;1279;1237;724;302;261;123;496;269;658;632;683;88;504;1066;456;302;1062;628;242;172;972;829||10390;10321;9999;9974;10438;10503;10423;9995;10268;9818;9927;10255;10309;10659;10312;10158;10519;10833;10219;9823;9898;10220;10182;10853;10775;10005;10193;10441;10377;10956;10137;0;10023;10704;10449;10359;9672;10422;10441;10575;11113;10964;10380;10491;9841;10150;10352;9783;10094;9878;9815;9793;10762;9932;10535;10428;10062;10234;10031;10530;10452;10675;11113;10675;10717;10035;10076;10127;10006;9865;10730;10704;10266;10039;10165;10621;10511;10035;10110;10075;10032;10300;10704;10443||762;462;870;1126;406;956;471;97;236;210;98;697;277;1218;1184;125;891;1343;225;231;130;662;179;1388;780;-1;573;858;345;1456;105;10023;0;737;813;336;377;399;855;1031;1384;940;1090;949;752;154;1015;267;172;154;649;228;874;227;1047;804;1059;1049;417;548;511;1130;1384;1230;830;220;179;103;414;163;763;737;630;-1;536;1123;562;220;980;546;137;277;1077;815||501;612;971;1232;334;479;607;772;501;948;837;654;474;647;1071;626;376;672;532;879;868;688;589;895;151;764;620;553;456;772;632;10704;737;0;450;401;1078;536;553;431;701;447;950;630;1128;615;765;968;663;855;1087;934;136;873;598;521;1202;941;750;697;327;803;701;665;92;717;675;658;813;864;188;-1;551;721;842;494;711;717;1055;820;714;474;344;421||81;958;520;803;681;200;954;809;746;672;810;218;714;461;659;663;74;570;569;620;752;253;784;637;501;786;249;102;803;672;808;10449;813;450;0;712;789;881;102;277;691;850;519;196;678;813;355;680;682;698;665;870;420;972;294;70;743;498;415;1042;542;395;691;477;375;593;635;685;499;720;367;450;183;834;1145;340;1057;593;596;399;697;717;256;65||698;254;1030;1292;157;822;250;371;100;547;435;740;72;990;1222;287;679;1065;293;567;467;775;188;1239;443;363;682;782;98;1169;231;10359;336;401;712;0;713;178;777;772;1048;611;1081;870;922;214;1007;604;338;490;856;565;537;471;940;745;1229;1060;576;339;174;1070;1048;1006;493;427;386;305;575;500;427;401;651;319;484;835;353;427;1143;708;425;72;741;695||735;714;804;1040;783;928;800;339;613;163;272;631;654;1190;1117;502;864;1315;563;168;243;596;527;1353;1120;350;538;831;722;1428;482;9672;377;1078;789;713;0;767;834;1010;1458;1308;1027;928;690;494;952;141;439;222;586;138;1106;277;1025;773;975;986;376;874;797;1098;1458;1209;1062;379;421;471;351;210;1075;1049;611;384;717;1104;889;379;917;483;377;645;1049;788||858;152;1121;1383;201;988;148;433;164;610;498;907;163;1156;1388;359;861;1208;384;630;530;913;251;1405;578;426;773;946;79;1308;294;10422;399;536;881;178;767;0;953;938;1182;733;1248;1046;1013;277;1173;667;416;553;934;628;672;509;1105;921;1320;1227;666;238;340;1246;1182;1172;628;505;463;381;666;563;592;536;818;382;399;1001;252;505;1234;799;503;163;880;880||126;1028;444;723;751;97;1024;851;814;715;853;265;782;359;575;718;176;484;623;662;794;300;852;534;603;828;296;-1;873;597;863;10441;855;553;102;777;834;953;0;176;774;952;439;93;629;877;251;722;724;739;700;911;522;1013;192;97;665;427;458;1107;612;292;774;375;478;634;676;739;547;761;469;553;225;875;1210;268;1121;634;518;433;738;782;358;139||302;1014;578;832;736;112;1010;1027;872;891;1029;441;845;247;671;894;203;321;800;838;971;476;961;495;481;1004;472;176;859;421;1003;10575;1031;431;277;772;1010;938;176;0;614;826;547;199;760;987;358;898;900;915;877;1088;398;1189;196;237;771;525;634;1099;699;399;614;262;354;811;852;916;723;937;345;429;401;1051;1244;91;1114;811;623;609;915;845;223;277||745;1258;1183;1340;980;676;1140;1419;1148;1337;1475;897;1121;700;1143;1276;616;443;1182;1284;1417;932;1236;886;669;1411;928;774;1103;536;1279;11113;1384;701;691;1048;1458;1182;774;614;0;592;1033;777;1374;1262;871;1344;1346;1361;1344;1534;565;1519;704;761;1334;1047;1079;1141;974;908;-1;716;609;1257;1298;1308;1178;1383;699;701;847;1368;1488;616;1166;1257;1170;1078;1361;1121;442;665||898;750;1272;1629;534;876;584;975;704;1151;1039;929;677;1038;1468;891;776;798;800;1172;1071;964;792;1224;467;967;923;952;656;831;835;10964;940;447;850;611;1308;733;952;826;592;0;1232;1026;1371;811;1160;1201;935;1088;1338;1162;462;1068;993;920;1456;1211;1001;585;531;1198;592;1054;506;947;905;902;1043;1097;483;408;803;917;997;889;609;947;1309;1071;945;670;643;818||502;1324;383;426;1058;496;1320;1086;1116;944;1091;396;1084;385;140;1027;593;634;921;892;1024;430;1154;526;1000;1063;519;439;1168;697;1172;10380;1090;950;519;1081;1027;1248;439;547;1033;1232;0;346;568;1180;235;918;959;967;693;1131;917;1248;351;473;420;153;681;1409;920;385;1033;400;873;869;911;1049;677;991;864;948;470;1110;1512;456;1423;869;269;543;973;1084;743;555||220;1122;494;629;844;149;1118;945;907;808;946;359;876;265;480;811;270;390;717;756;888;393;945;441;681;922;390;93;967;513;957;10491;949;630;196;870;928;1046;93;199;777;1026;346;0;677;971;157;815;818;833;794;1005;598;1107;98;156;624;333;552;1201;706;198;777;281;553;728;770;833;641;855;545;628;318;969;1304;176;1215;728;456;526;832;876;423;233||659;1089;187;398;991;691;1085;748;880;606;754;499;849;847;500;689;752;1021;697;554;686;465;908;999;1162;725;504;629;933;1143;834;9841;752;1128;678;922;690;1013;629;760;1374;1371;568;677;0;890;540;587;628;636;153;800;1099;917;723;648;304;422;457;1174;907;863;1369;863;1054;538;580;718;346;660;1046;1129;587;779;1277;808;1188;538;298;320;642;849;935;712||790;340;998;1254;283;975;348;161;114;337;225;825;155;1205;1312;193;793;1279;307;385;257;790;-1;1453;658;181;673;877;222;1383;135;10150;154;615;813;214;494;277;877;987;1262;811;1180;971;890;0;1105;395;261;308;780;355;752;259;1070;845;1190;1158;547;425;388;1171;1262;1220;707;351;309;171;544;290;641;615;732;137;454;1049;439;351;1111;676;291;155;955;812||374;1249;355;518;984;307;1245;1011;1041;869;1017;322;1010;319;375;952;429;485;846;817;949;356;1079;477;816;988;444;251;1094;607;1097;10352;1015;765;355;1007;952;1173;251;358;871;1160;235;157;540;1105;0;844;885;893;619;1056;732;1174;185;284;505;217;606;1334;846;258;871;335;688;795;837;974;602;916;680;763;395;1036;1437;271;1349;795;340;469;899;1010;558;392||625;730;695;951;674;819;739;234;504;58;205;522;545;1081;1008;393;754;1206;454;59;137;487;421;1244;1011;240;429;722;612;1319;373;9783;267;968;680;604;141;667;722;898;1344;1201;918;815;587;395;844;0;339;113;477;244;997;362;916;663;887;877;267;815;688;989;1349;1099;953;270;312;371;242;104;965;940;501;284;774;995;830;270;808;374;271;545;940;678||628;479;736;991;407;821;487;168;259;281;170;562;265;1083;1049;68;757;1208;149;299;201;528;287;1253;706;145;438;724;349;1321;213;10094;172;663;682;338;439;416;724;900;1346;935;959;818;628;261;885;339;0;227;518;299;800;327;916;673;928;918;285;564;411;998;1346;1099;755;89;47;89;283;237;689;663;499;176;655;992;578;89;849;415;87;266;938;681||643;617;744;999;560;837;625;151;390;97;122;570;431;1099;1057;280;772;1224;341;76;120;536;334;1269;897;127;454;739;499;1337;259;9878;154;855;698;490;222;553;739;915;1361;1088;967;833;636;308;893;113;227;0;526;224;1028;279;931;688;936;926;301;702;600;1013;1361;1114;984;244;202;258;291;143;918;892;514;171;690;1007;716;244;857;423;157;431;953;696||626;997;304;523;926;798;1006;645;777;503;651;447;783;927;624;586;740;1101;631;451;583;412;805;1079;1129;622;452;700;868;1223;731;9815;649;1087;665;856;586;934;700;877;1344;1338;693;794;153;780;619;477;518;526;0;690;1070;807;809;639;460;546;397;1082;846;949;1344;949;1026;428;470;608;285;550;1017;1101;534;669;1173;894;1097;428;423;267;532;785;922;679||815;576;908;1161;634;1009;661;194;465;237;134;734;506;1271;1221;354;944;1396;413;249;169;700;381;1441;976;201;626;911;573;1509;334;9793;228;934;870;565;138;628;911;1088;1534;1162;1131;1005;800;355;1056;244;299;224;690;0;1104;139;1104;860;1100;1089;479;736;675;1186;1534;1287;1059;323;282;333;454;202;993;967;686;246;578;1180;750;323;1021;586;237;507;1125;868||471;748;940;1201;470;448;744;908;638;1085;973;623;610;616;1041;762;345;621;668;945;1005;658;726;865;125;901;590;522;593;654;768;10762;874;136;420;537;1106;672;522;398;565;462;917;598;1099;752;732;997;800;1028;1070;1104;0;1009;568;490;1172;911;745;833;464;772;565;634;44;853;811;795;901;1001;158;136;513;858;978;463;848;853;1024;800;851;611;313;391||917;437;1025;1281;540;1111;522;222;371;304;161;852;412;1373;1339;273;1046;1498;372;356;225;817;285;1543;915;229;728;1013;479;1611;240;9932;227;873;972;471;277;509;1013;1189;1519;1068;1248;1107;917;259;1174;362;327;279;807;139;1009;0;1202;959;1219;1208;571;597;645;1284;1519;1385;964;375;333;251;573;258;898;872;785;210;439;1278;611;375;1139;705;291;412;1212;970||318;1181;537;635;903;248;1177;1043;1040;907;1045;457;1013;199;486;910;370;318;815;854;987;491;1044;448;649;1020;487;192;1026;440;1055;10535;1047;598;294;940;1025;1105;192;196;704;993;351;98;723;1070;185;916;916;931;809;1104;568;1202;0;252;629;362;649;1266;804;204;704;215;521;826;868;932;738;953;512;596;417;1067;1411;104;1281;826;478;624;931;974;391;331||90;996;475;756;719;160;992;800;782;664;802;204;750;421;607;686;144;545;591;611;743;238;819;580;571;777;234;97;841;659;831;10428;804;521;70;745;773;921;97;237;761;920;473;156;648;845;284;663;673;688;639;860;490;959;252;0;696;460;396;1075;580;325;761;435;446;584;625;707;485;710;437;521;184;824;1178;331;1089;584;549;371;688;750;326;107||726;1396;260;62;1299;721;1392;1055;1187;913;1061;620;1156;758;352;996;818;947;1004;861;993;649;1215;877;1252;1032;689;665;1240;1070;1141;10062;1059;1202;743;1229;975;1320;665;771;1334;1456;420;624;304;1190;505;887;928;936;460;1100;1172;1219;629;696;0;287;765;1482;1144;763;1334;771;1125;839;881;1019;654;961;1116;1200;694;1080;1584;734;1496;839;185;578;943;1157;995;779||481;1303;236;303;1037;483;1299;1045;1095;903;1051;375;1063;491;264;986;572;660;900;851;983;409;1132;643;991;1022;498;427;1147;783;1131;10234;1049;941;498;1060;986;1227;427;525;1047;1211;153;333;422;1158;217;877;918;926;546;1089;911;1208;362;460;287;0;660;1388;899;490;1047;499;864;849;890;1028;656;970;855;939;449;1089;1491;447;1402;849;122;523;953;1063;733;534||360;742;478;828;645;556;738;413;536;276;414;285;503;818;791;353;489;942;350;224;356;251;564;977;792;390;162;458;587;1056;499;10031;417;750;415;576;376;666;458;634;1079;1001;681;552;457;547;606;267;285;301;397;479;745;571;649;396;765;660;0;827;572;722;1079;832;695;196;238;375;111;323;686;750;231;437;930;728;842;196;591;235;300;503;668;413||1019;227;1282;1544;362;1149;93;582;313;758;647;1068;324;1317;1549;508;1022;1302;545;779;678;1074;399;1566;739;575;933;1107;240;1335;442;10530;548;697;1042;339;874;238;1107;1099;1141;585;1409;1201;1174;425;1334;815;564;702;1082;736;833;597;1266;1075;1482;1388;827;0;501;1407;1141;1333;789;654;612;530;827;711;753;697;979;531;479;1162;86;654;1395;960;651;324;1041;1041||528;416;886;1204;138;710;411;545;274;656;545;579;247;917;1061;374;509;991;280;627;577;614;362;1165;370;538;560;612;260;1095;405;10452;511;327;542;174;797;340;612;699;974;531;920;706;907;388;846;688;411;600;846;675;464;645;804;580;1144;899;572;501;0;906;974;935;419;465;423;406;561;612;353;327;490;467;646;764;515;465;997;643;462;266;667;525||415;1322;677;769;1044;348;1318;1126;1107;989;1127;529;1075;264;495;1011;470;576;917;937;1069;564;1145;434;853;1103;560;292;1166;600;1156;10675;1130;803;395;1070;1098;1246;292;399;908;1198;385;198;863;1171;258;989;998;1013;949;1186;772;1284;204;325;763;490;722;1407;906;0;908;280;725;909;951;1033;811;1036;717;800;510;1150;1503;308;1415;909;612;697;1013;1075;595;432||745;1258;1183;1340;980;676;1140;1419;1148;1337;1475;897;1121;700;1143;1276;616;443;1182;1284;1417;932;1236;886;669;1411;928;774;1103;536;1279;11113;1384;701;691;1048;1458;1182;774;614;-1;592;1033;777;1369;1262;871;1349;1346;1361;1344;1534;565;1519;704;761;1334;1047;1079;1141;974;908;0;716;609;1257;1298;1308;1178;1383;699;701;847;1368;1488;616;1166;1257;1170;1078;1361;1121;442;665||501;1248;678;777;970;346;1244;1226;1106;1090;1228;640;1079;-1;510;1093;437;317;999;1037;1170;674;1194;232;715;1203;670;375;1092;425;1237;10675;1230;665;477;1006;1209;1172;375;262;716;1054;400;281;863;1220;335;1099;1099;1114;949;1287;634;1385;215;435;771;499;832;1333;935;280;716;0;588;1010;1051;1115;922;1137;579;662;600;1251;1478;170;1347;1010;623;793;1114;1079;457;514||426;704;896;1157;426;404;700;864;593;1040;929;579;566;572;996;718;301;597;624;900;961;613;681;820;125;857;545;478;548;698;724;10717;830;92;375;493;1062;628;478;354;609;506;873;553;1054;707;688;953;755;984;1026;1059;44;964;521;446;1125;864;695;789;419;725;609;588;0;809;767;750;857;956;114;92;468;813;934;419;803;809;980;756;806;566;269;346||538;569;646;902;497;732;577;216;348;262;218;473;354;994;960;157;667;1119;202;209;220;438;376;1164;759;193;349;634;439;1232;302;10035;220;717;593;427;379;505;634;811;1257;947;869;728;538;351;795;270;89;244;428;323;853;375;826;584;839;849;196;654;465;909;1257;1010;809;0;-1;179;193;254;742;716;409;240;744;902;668;-1;759;325;104;356;848;591||580;527;688;943;455;774;535;175;307;258;176;515;313;1036;1002;115;709;1161;161;251;179;480;334;1206;717;152;391;676;397;1274;261;10076;179;675;635;386;421;463;676;852;1298;905;911;770;580;309;837;312;47;202;470;282;811;333;868;625;881;890;238;612;423;951;1298;1051;767;-1;0;137;235;212;700;675;451;199;703;944;626;-1;801;367;62;314;890;633||652;444;826;1081;374;837;453;138;224;314;202;652;232;1099;1139;-1;759;1224;121;335;234;618;197;1274;700;130;499;739;316;1337;123;10127;103;658;685;305;471;381;739;916;1308;902;1049;833;718;171;974;371;89;258;608;333;795;251;932;707;1019;1028;375;530;406;1033;1308;1115;750;179;137;0;373;267;674;648;560;87;554;1008;544;179;939;504;177;232;941;684||460;742;454;716;645;645;738;410;536;268;416;280;502;906;767;351;574;1030;350;216;348;246;564;1066;855;387;273;547;587;1145;496;10006;414;813;499;575;351;666;547;723;1178;1043;677;641;346;544;602;242;283;291;285;454;901;573;738;485;654;656;111;827;561;811;1178;922;857;193;235;373;0;315;851;813;343;437;930;816;842;196;567;132;300;502;756;513||665;626;768;1023;570;859;635;129;400;-1;101;594;441;1121;1081;289;794;1246;350;99;-1;560;316;1291;907;136;476;761;508;1359;269;9865;163;864;720;500;210;563;761;937;1383;1097;991;855;660;290;916;104;237;143;550;202;1001;258;953;710;961;970;323;711;612;1036;1383;1137;956;254;212;267;315;0;928;902;536;180;670;1029;726;254;881;446;167;441;975;718||418;668;887;1148;390;395;664;798;527;974;862;570;500;563;988;652;292;638;558;905;894;605;615;812;239;790;537;469;513;742;658;10730;763;188;367;427;1075;592;469;345;699;483;864;545;1046;641;680;965;689;918;1017;993;158;898;512;437;1116;855;686;753;353;717;699;579;114;742;700;674;851;928;0;188;460;746;898;408;768;742;969;747;740;500;314;338||501;612;971;1232;334;479;607;772;501;948;837;654;474;647;1071;626;376;672;532;879;868;688;589;895;151;764;620;553;456;772;632;10704;737;-1;450;401;1049;536;553;429;701;408;948;628;1129;615;763;940;663;892;1101;967;136;872;596;521;1200;939;750;697;327;800;701;662;92;716;675;648;813;902;188;0;551;721;842;494;711;717;1055;820;714;474;344;421||129;894;471;753;628;322;890;626;686;490;628;129;654;584;610;538;257;709;462;437;569;163;724;759;594;603;122;225;738;822;683;10266;630;551;183;651;611;818;225;401;847;803;470;318;587;732;395;501;499;514;534;686;513;785;417;184;694;449;231;979;490;510;847;600;468;409;451;560;343;536;460;551;0;650;1082;493;993;409;546;266;513;654;438;182||779;445;887;1143;389;973;454;97;219;227;115;714;260;1235;1201;108;908;1360;208;248;147;679;163;1405;763;-1;590;875;328;1488;88;10039;-1;721;834;319;384;382;875;1051;1368;917;1110;969;779;137;1036;284;176;171;669;246;858;210;1067;824;1080;1089;437;531;467;1150;1368;1251;813;240;199;87;437;180;746;721;650;0;519;1155;545;237;997;563;153;260;1060;832||1122;252;1385;1647;507;1294;413;540;404;716;600;1171;437;1462;1652;575;1125;1514;648;767;637;1177;428;1711;884;563;1036;1210;385;1614;504;10165;536;842;1145;484;717;399;1210;1244;1488;997;1512;1304;1277;454;1437;774;655;690;1173;578;978;439;1411;1178;1584;1491;930;479;646;1503;1488;1478;934;744;703;554;930;670;898;842;1082;519;0;1307;442;744;1499;1065;673;437;1186;1144||394;1077;623;740;799;175;1073;1119;935;983;1121;535;908;155;579;986;266;229;892;930;1063;570;1023;403;544;1096;566;268;921;352;1066;10621;1123;494;340;835;1104;1001;268;91;616;889;456;176;808;1049;271;995;992;1007;894;1180;463;1278;104;331;734;447;728;1162;764;308;616;170;419;902;944;1008;816;1029;408;494;493;1155;1307;0;1176;902;569;701;1007;908;286;340||1033;189;1296;1558;377;1164;107;596;327;773;661;1082;339;1332;1564;522;1037;1326;559;793;693;1088;413;1580;753;589;948;1121;254;1359;456;10511;562;711;1057;353;889;252;1121;1114;1166;609;1423;1215;1188;439;1349;830;578;716;1097;750;848;611;1281;1089;1496;1402;842;86;515;1415;1166;1347;803;668;626;544;842;726;768;711;993;545;442;1176;0;668;1409;975;666;339;1055;1056||538;569;646;902;497;732;577;216;348;262;218;473;354;994;960;157;667;1119;202;209;220;438;376;1164;759;193;349;634;439;1232;302;10035;220;717;593;427;379;505;634;811;1257;947;869;728;538;351;795;270;89;244;428;323;853;375;826;584;839;849;196;654;465;909;1257;1010;809;-1;-1;179;196;254;742;717;409;237;744;902;668;0;759;325;104;356;848;591||579;1310;113;204;1135;574;1306;976;1103;834;982;473;1070;607;199;917;670;783;841;782;914;502;1131;725;1105;953;541;518;1154;906;1062;10110;980;1055;596;1143;917;1234;518;623;1170;1309;269;456;298;1111;340;808;849;857;423;1021;1024;1139;478;549;185;122;591;1395;997;612;1170;623;980;759;801;939;567;881;969;1055;546;997;1499;569;1409;759;0;434;864;1070;847;632||359;875;320;635;778;530;871;542;669;400;547;180;635;777;634;483;473;916;483;348;480;145;697;930;862;519;185;433;720;1030;628;10075;546;820;399;708;483;799;433;609;1078;1071;543;526;320;676;469;374;415;423;267;586;800;705;624;371;578;523;235;960;643;697;1078;793;756;325;367;504;132;446;747;820;266;563;1065;701;975;325;434;0;429;635;658;412||642;566;750;1006;495;836;575;133;346;213;134;577;352;1098;1064;155;771;1223;200;234;133;542;317;1268;757;110;453;738;437;1336;242;10032;137;714;697;425;377;503;738;915;1361;945;973;832;642;291;899;271;87;157;532;237;851;291;931;688;943;953;300;651;462;1013;1361;1114;806;104;62;177;300;167;740;714;513;153;673;1007;666;104;864;429;0;354;952;695||694;239;957;1219;142;880;235;312;41;488;376;743;-1;1063;1224;210;698;1138;220;508;408;749;129;1312;516;304;609;782;84;1242;172;10300;277;474;717;72;645;163;782;845;1121;670;1084;876;849;155;1010;545;266;431;785;507;611;412;974;750;1157;1063;503;324;266;1075;1121;1079;566;356;314;232;502;441;500;474;654;260;437;908;339;356;1070;635;354;0;814;717||336;956;777;1026;678;273;952;1112;841;928;1066;475;814;441;866;919;181;338;825;876;1008;509;929;690;394;1042;505;358;800;430;972;10704;1077;344;256;741;1049;880;358;223;442;643;743;423;935;955;558;940;938;953;922;1125;313;1212;391;326;995;733;668;1041;667;595;442;457;269;848;890;941;756;975;314;344;438;1060;1186;286;1055;848;847;658;952;814;0;256||80;956;556;836;664;237;952;811;748;672;813;232;717;498;694;662;74;570;568;619;751;267;786;674;471;788;263;139;801;655;829;10443;815;421;65;695;788;880;139;277;665;818;555;233;712;812;392;678;681;696;679;868;391;970;331;107;779;534;413;1041;525;432;665;514;346;591;633;684;513;718;338;421;182;832;1144;340;1056;591;632;412;695;717;256;0||