0;942;568;848;652;248;938;823;734;683||942;0;1196;1458;277;1064;166;497;228;673||568;1196;0;318;1004;506;1193;866;989;721||848;1458;318;0;1362;779;1455;1122;1251;977||652;277;1004;1362;0;786;273;440;169;616||248;1064;506;779;786;0;1060;952;911;812||938;166;1193;1455;273;1060;0;505;236;681||823;497;866;1122;440;952;505;0;270;176||734;228;989;1251;169;911;236;270;0;446||683;673;721;977;616;812;681;176;446;0||